11003
11004
11015
11022
11025
11074
11077
11078
11083
11090
11096
11109
11111
11117
11139
11144
11155
11173
11191
11192
11193
11194
11199
11206
11347
11352
11355
11358
11362
11368
11372
11374
11375
11383
11384
11388
11390
11396
11400
11402
11406
11410
11413
11419
11420
11422
11425
11427
11428
11429
11431
11434
11435
11436
11438
11440
11441
11448
11449
11456
11458
11460
11462
11464
11468
11472
11475
11477
11478
11483
11489
11494
11497
11501
11503
11507
11509
11510
11511
11516
11519
11523
11525
11533
11534
11535
11537
11538
11541
11543
11548
11549
11550
11551
11554
11556
11557
11567
11572
11574
11577
11581
11582
11618
11667
11676
11769
11795
11842
11874
11878
11883
11885
11909
11942
11960
12084
12102
12114
12133
12166
12181
12189
12203
12217
12226
12243
12322
12323
12349
12378
12390
12397
12424
12431
12440
12443
12464
12480
12503
12520
12614
12616
12621
12626
12722
18485
18496
18507
18508
18510
18511
18512
18513
18518
18519
18521
18522
18524
18528
18529
18531
18534
20372
20374
20376
20378
20380
20381
20383
20384
20385
20386
20388
20389
20390
20392
20394
20396
20398
20399
20401
20403
20404
20405
20406
20408
20411
20412
20413
20414
20415
20421
20424
20426
20427
20428
20429
20430
20431
20432
20433
20435
20436
20437
20438
20440
20441
20443
20445
20447
20448
19679
19680
19681
19682
19684
19685
19686
19688
19689
19690
19691
19695
19699
19701
19702
19703
19704
19705
19707
19708
19709
19710
19711
19712
19713
19714
19715
19718
19719
19720
19721
19722
19723
19724
19726
19728
19730
19736
19740
19741
19742
19745
19746
19749
19752
19755
19756
19758
19759
19760
19762
19763
19764
19766
19767
19768
19770
19772
19773
19774
19775
19776
19777
19779
19785
19788
19792
19795
19801
19802
19803
19806
19808
19810
19812
19813
19814
19818
19821
19822
19823
19824
19828
19829
19832
19835
19836
19837
19838
19840
19843
19845
19851
19857
19858
19859
19860
19861
19865
19867
19868
19869
19871
19874
19876
19877
19878
19880
19881
19882
19886
19887
19890
19891
19894
19898
19900
19903
19909
19912
19913
19919
19920
19925
19927
19932
19935
19936
19937
19938
19939
19940
19942
19944
19946
19947
19948
19949
19950
19952
19957
19958
19963
19965
19968
19970
19975
19977
19979
19981
19982
19983
19987
19988
19993
19994
19996
19997
20000
20001
20002
20004
20006
20008
20009
20011
20014
20016
20017
20020
20021
20022
20023
20024
20027
20032
20034
20035
20038
20039
20040
20041
20043
20048
20050
20051
20055
20056
20058
20060
20061
20064
20065
20066
20074
20075
20076
20078
20079
20082
20091
20093
20095
20096
20099
20100
20101
20104
20108
20109
20112
20116
20119
20120
20121
20124
20125
20126
20130
20131
20133
20136
20137
20138
20140
20143
20144
20145
20147
20149
20150
20151
20152
20158
20159
20160
20161
20162
20164
20165
20166
20168
20170
20171
20173
20174
20175
20176
20177
20179
20180
20181
20183
20186
20187
20188
20190
20194
20195
20196
20197
20198
20201
20202
20204
20205
20206
20209
20215
20216
20217
20222
20223
20227
20228
20230
20231
20232
20233
20234
20236
20239
20240
20242
20244
20246
20248
20250
20251
20252
20253
20254
20256
20257
20258
20259
20263
20266
20267
20268
20269
20270
20271
20272
20273
20274
20275
20278
20279
20280
20282
20283
20285
20287
20288
20289
20292
20294
20295
20296
20298
10552
10553
10554
10556
10557
10558
10561
10563
19184
19187
19192
19193
19195
19196
19197
19199
19203
19204
19207
19211
19212
19214
19215
19219
19221
19226
19229
19231
19235
19242
19255
19263
19269
19280
19292
19298
19304
19306
19314
19315
19317
19319
19323
19324
19326
19329
19331
19334
19342
19349
19352
19355
19359
19362
19365
19367
19368
19370
19371
19377
19383
19384
19388
19392
19393
19396
19397
19398
19400
19402
19405
19408
19410
19416
19431
19436
19438
19449
19452
19469
19476
19478
19481
19514
19519
19526
19533
19541
19543
19548
19550
19551
19553
19554
19557
19558
19559
19563
19565
19568
19575
19577
19579
19584
19599
19603
19623
19624
